type     name       z        T90
 1       140606B    0.384      23.6   
 1       140518A    4.707      60.5   
 1       140515A    6.32       23.4   
 1       140512A    0.725     154.8   
 1       140508A    1.027      44.3   
 1       140506A    0.8893    111.1   
 1       140430A    1.6019    173.6   
 1       140428A    4.7        17.42  
 1       140423A    3.26      134.    
 1       140419A    3.956      94.7   
 1       140318A    1.02        8.43  
 1       140311A    4.954      71.4   
 1       140304A    5.283      15.6   
 1       140301A    1.4155     31.0   
 1       140226A    1.98       15.    
 1       140213A    1.2079     60.0   
 1       140206A    2.739      93.6   
 1       140114A    3.        139.7   
 1       131231A    0.6427     31.    
 1       131227A    5.3        18.0   
 1       131117A    4.042      11.00  
 1       131108A    2.4        19.    
 1       131105A    1.6854    112.3   
 1       131103A    0.5960     17.3   
 1       131030A    1.293      41.1   
 1       131011A    1.874      77.    
 1       131004A    0.717       1.54  
 1       130925A    0.3483   7000.    
 1       130831A    0.4791     32.5   
 1       130702A    0.145      59.    
 1       130701A    1.1548      4.38  
 1       130612A    2.006       4.0   
 1       130610A    2.092      46.4   
 1       130606A    5.913     276.58  
 1       130604A    1.06       37.7   
 1       130528A    1.25       59.4   
 1       130518A    2.49       48.    
 1       130511A    1.3033      5.43  
 1       130505A    2.27       88.    
 1       130427B    2.78       27.0   
 1       130427A    0.3401    162.83  
 1       130420A    1.297     123.5   
 1       130408A    3.757      28.    
 1       130215A    0.597      65.7   
 1       130131B    2.5393      4.30  
 1       121229A    2.707     100.    
 1       121211A    1.023     182.    
 1       121209A    2.1        42.7   
 1       121201A    3.3830     85.    
 1       121128A    2.20       23.3   
 1       121027A    1.7732     62.6   
 1       121024A    2.3012     69.    
 1       120922A    3.1       173.    
 1       120909A    3.93      112.    
 1       120907A    0.970      16.9   
 1       120815A    2.3587      9.7   
 1       120811C    2.671      26.8   
 1       120805A    3.1        48.00  
 1       120802A    3.796      50.    
 1       120729A    0.80       71.5   
 1       120724A    1.48       72.8   
 1       120722A    0.9590     42.4   
 1       120716A    2.486     234.    
 1       120714B    0.3985    159.    
 1       120712A    4.1745     14.7   
 1       120711A    1.405      44.033 
 1       120624B    2.1974    300.    
 1       120422A    0.2826      5.35  
 1       120404A    2.876      38.7   
 1       120327A    2.813      62.9   
 1       120326A    1.798      69.6   
 1       120224A    1.1         8.13  
 1       120211A    2.4        61.7   
 1       120119A    1.7291    253.8   
 1       120118B    2.9428     23.26  
 1       111229A    1.3805     25.4   
 1       111228A    0.7164    101.20  
 1       111225A    2.012     106.8   
 1       111215A    2.06      796.    
 1       111211A    0.4786     25.    
 1       111209A    0.6770  25000.    
 1       111129A    1.0796      7.6   
 1       111123A    3.1513    290.0   
 1       111107A    2.893      26.6   
 1       111008A    4.9898     63.46  
 1       111005A    0.0133     26.    
 1       110918A    0.9843     19.6   
 1       110818A    3.3609    103.    
 1       110808A    1.3490     48.    
 1       110801A    1.858     385.    
 1       110731A    2.83       38.8   
 1       110726A    1.036       5.2   
 1       110715A    0.82       13.0   
 1       110709B    2.09       55.6   
 1       110503A    1.613      10.0   
 1       110422A    1.770      25.9   
 1       110213B    1.083      50.    
 1       110213A    1.46       48.0   
 1       110205A    2.22      257.    
 1       110128A    2.339      30.7   
 1       110106B    0.618      24.8   
 1       101219B    0.5518     34.    
 1       100906A    1.727     114.4   
 1       100901A    1.408     439.    
 1       100814A    1.4392    174.5   
 1       100728B    2.106      12.1   
 1       100728A    1.5670    198.5   
 1       100724A    1.2890      1.4   
 1       100621A    0.5426     63.6   
 1       100615A    1.3978     39.    
 1       100606A    1.5545    480.    
 1       100518A    4.         25.    
 1       100513A    4.772      84.    
 1       100508A    0.5201     52.    
 1       100425A    1.755      37.0   
 1       100424A    2.4656    104.    
 1       100418A    0.6235      7.0   
 1       100414A    1.368      26.497 
 1       100316B    1.180       3.8   
 1       100302A    4.813      17.9   
 1       100219A    4.6667     18.8   
 1       091208B    1.0633     14.80  
 1       091127A    0.4904      7.42  
 1       091109A    3.076      48.03  
 1       091029A    2.752      39.18  
 1       091024A    1.092    1020.    
 1       091020A    1.71       38.92  
 1       091018A    0.9710      4.37  
 1       091003A    0.8969     20.224 
 1       090927A    1.37        2.16  
 1       090926B    1.2427     99.28  
 1       090926A    2.1062     13.760 
 1       090902B    1.822      19.328 
 1       090814A    0.696      78.22  
 1       090812A    2.452      75.09  
 1       090809A    2.737       7.84  
 1       090726A    2.71       56.68  
 1       090715B    3.00      265.39  
 1       090709A    1.7        88.73  
 1       090618A    0.54      113.34  
 1       090530A    1.266      40.46  
 1       090519A    3.85       58.26  
 1       090516A    4.109     208.00  
 1       090424A    0.544      49.47  
 1       090423A    8.23        9.77  
 1       090418A    1.608      56.31  
 1       090417B    0.345     282.49  
 1       090407A    1.4478    315.44  
 1       090328A    0.7357     61.697 
 1       090323A    3.5832    135.170 
 1       090313A    3.375      70.66  
 1       090205A    4.6497      8.80  
 1       090201A    2.1000     84.78  
 1       090113A    1.7494      9.10  
 1       090102A    1.547      29.30  
 1       081222A    2.77       33.00  
 1       081221A    2.2590     33.91  
 1       081210A    2.0631    145.91  
 1       081203A    2.05      223.00  
 1       081121A    2.512      17.67  
 1       081118A    2.58       49.28  
 1       081109A    0.9785    221.49  
 1       081029A    3.8479    275.05  
 1       081028A    3.038     284.42  
 1       081008A    1.967     179.52  
 1       081007A    0.5295      9.01  
 1       080928A    1.6919    233.66  
 1       080916C    4.35       62.977 
 1       080916A    0.6887     61.35  
 1       080913A    6.7         7.46  
 1       080905B    2.3739    101.62  
 1       080810A    3.3604    107.67  
 1       080805A    1.5052    106.62  
 1       080804A    2.2059     37.19  
 1       080721A    2.5914    176.29  
 1       080710A    0.8454    112.06  
 1       080707A    1.2322     30.17  
 1       080607A    3.0368     78.86  
 1       080605A    1.6408     18.05  
 1       080604A    1.4171     69.16  
 1       080603B    2.6892     59.12  
 1       080603A    1.688     150.    
 1       080602A    1.8204     74.29  
 1       080520A    1.5457      3.32  
 1       080517A    0.089      64.61  
 1       080515A    2.47       20.91  
 1       080430A    0.767      14.15  
 1       080413B    1.1012      8.00  
 1       080413A    2.4330     46.36  
 1       080411A    1.0301     56.33  
 1       080330A    1.5119     67.05  
 1       080325A    1.78      162.82  
 1       080319C    1.9492     29.55  
 1       080319B    0.9382    124.86  
 1       080310A    2.4274    352.37  
 1       080210A    2.6419     39.36  
 1       080207A    2.0856    340.    
 1       080129A    4.349      50.22  
 1       071122A    1.14       80.00  
 1       071117A    1.3308      6.07  
 1       071112C    0.8227     15.    
 1       071031A    2.692     150.49  
 1       071021A    2.4515    228.72  
 1       071020A    2.1462      4.30  
 1       071010B    0.947      36.13  
 1       071010A    0.98        6.32  
 1       071003A    1.6043    148.38  
 1       070810A    2.17        9.04  
 1       070802A    2.4538     15.80  
 1       070721B    3.6298    336.86  
 1       070714A    1.58        3.00  
 1       070612A    0.617     365.28  
 1       070611A    2.0394     13.18  
 1       070529A    2.4996    108.90  
 1       070521A    2.0865     38.63  
 1       070518A    1.161       4.35  
 1       070508A    0.82       20.90  
 1       070506A    2.3090      4.35  
 1       070419B    1.9586    238.14  
 1       070419A    0.9705    160.00  
 1       070411A    2.9538    102.04  
 1       070328A    2.0627     72.12  
 1       070318A    0.8401    131.52  
 1       070306A    1.4965    209.24  
 1       070224A    1.9922     48.00  
 1       070223A    1.6295    100.00  
 1       070208A    1.165      64.00  
 1       070129A    2.3384    459.05  
 1       070125A    1.547      70.    
 1       070110A    2.3523     79.71  
 1       070103A    2.6208     18.40  
 1       061222B    3.355      37.25  
 1       061222A    2.088      96.00  
 1       061202A    2.2543     94.19  
 1       061126A    1.1588     50.28  
 1       061121A    1.3145     81.22  
 1       061110B    3.4344    132.76  
 1       061110A    0.7578     44.51  
 1       061021A    0.3453     43.80  
 1       061007A    1.2622     75.74  
 1       060927A    5.4636     22.42  
 1       060926A    3.2090      7.79  
 1       060923B    1.5094      8.95  
 1       060923A    2.6        51.54  
 1       060912A    0.9362      5.03  
 1       060908A    1.8836     18.78  
 1       060906A    3.6856     44.58  
 1       060904B    0.7029    171.90  
 1       060814A    1.9223    144.95  
 1       060805A    2.3633      4.93  
 1       060729A    0.5429    113.04  
 1       060719A    1.5318     66.86  
 1       060714A    2.7108    116.04  
 1       060707A    3.4246     66.65  
 1       060614A    0.125       5.    
 1       060607A    3.0749    102.98  
 1       060605A    3.773     539.12  
 1       060604A    2.1355     96.00  
 1       060602A    0.787      74.68  
 1       060526A    3.2213    275.20  
 1       060522A    5.11       69.12  
 1       060512A    0.4428     11.36  
 1       060510B    4.9       262.95  
 1       060505A    0.0889      4.    
 1       060502A    1.5026     28.54  
 1       060418A    1.4901    109.17  
 1       060319A    1.172       8.91  
 1       060306A    1.5597     60.94  
 1       060223A    4.406      11.32  
 1       060218A    0.0335   2100.    
 1       060210A    3.9122    242.18  
 1       060206A    4.0559      7.55  
 1       060204B    2.3393    139.46  
 1       060202A    0.785     172.16  
 1       060124A    2.3       658.2   
 1       060123A    0.56      900.    
 1       060115A    3.5328    122.21  
 1       060111A    2.32       13.21  
 1       051117B    0.4805      9.01  
 1       051111A    1.55       64.00  
 1       051109B    0.080      13.38  
 1       051109A    2.346      37.20  
 1       051022A    0.8061    178.    
 1       051016B    0.9358      4.02  
 1       051008A    2.77       64.0   
 1       051006A    1.059      26.04  
 1       051001A    2.4295    190.63  
 1       050922C    2.1992      4.54  
 1       050915A    2.5275     53.42  
 1       050908A    3.3467     18.29  
 1       050904A    6.295     181.70  
 1       050826A    0.296      35.73  
 1       050824A    0.8277     24.82  
 1       050822A    1.434     104.12  
 1       050820A    2.6146     26.    
 1       050819A    2.5042     37.72  
 1       050814A    5.3       144.00  
 1       050802A    1.7102     27.46  
 1       050730A    3.9685    145.05  
 1       050714B    2.4383     46.87  
 1       050525A    0.6063      8.84  
 1       050505A    4.2748     58.88  
 1       050502A    3.793      17.5   
 1       050416A    0.6542      6.62  
 1       050408A    1.2356     28.39  
 1       050401A    2.8983     33.30  
 1       050319A    3.2425    151.74  
 1       050318A    1.4436     40.0   
 1       050315A    1.9500     95.57  
 1       050223A    0.584      21.68  
 1       050219A    0.211      23.84  
 1       050215B    2.62       10.62  
 1       050126A    1.2900     48.00  
 1       041219A    0.31      520.    
 1       041006A    0.716      22.08  
 1       040924A    0.858       3.37  
 1       040912A    1.563       9.21  
 1       031203A    0.1055     10.38  
 1       030528A    0.782      62.8   
 1       030429A    2.658      12.95  
 1       030329A    0.1685     25.91  
 1       030328A    1.5216    138.27  
 1       030323A    3.3736     26.    
 1       030226A    1.986      76.23  
 1       030115A    2.         20.33  
 1       021211A    1.006       4.23  
 1       021004A    2.3351     48.94  
 1       020903A    0.251       3.3   
 1       020819B    0.41       20.    
 1       020813A    1.255      87.34  
 1       020405A    0.6908     40.0   
 1       020305A    2.8        39.06  
 1       020127A    1.9         6.99  
 1       020124A    3.198      51.17  
 1       011211A    2.14       51.0   
 1       011121A    0.36       47.0   
 1       010921A    0.4509     22.0   
 1       010222A    1.4768     74.0   
 1       000926A    2.0379      1.30  
 1       000911A    1.0585    500.    
 1       000418A    1.1181      2.0   
 1       000301C    2.0404     87.0   
 1       000210A    0.846       9.0   
 1       000131A    4.5        50.    
 1       991216A    1.02       45.0   
 1       991208A    0.7063     60.    
 1       990712A    0.4331     38.0   
 1       990705A    0.8424     32.0   
 1       990510A    1.619      57.0   
 1       990506A    1.3065    129.0   
 1       990123A    1.6004     61.0   
 1       981226A    1.11       17.0   
 1       980703A    0.966      76.0   
 1       980613A    1.0969     42.0   
 1       980425A    0.0085     22.0   
 1       980329A    3.5        19.0   
 1       971214A    3.42        6.0   
 1       970828A    0.9578    146.59  
 1       970508A    0.835      14.0   
 1       970228A    0.695      56.0   
-1       130603B    0.356       0.18  
-1       101219A    0.718       0.6   
-1       100816A    0.8048      2.9   
-1       100625A    0.452       0.33  
-1       100206A    0.4068      0.12  
-1       100117A    0.92        0.3   
-1       090510A    0.903       5.66  
-1       090426A    2.609       1.24  
-1       080905A    0.1218      1.02  
-1       080123A    0.495       0.04  
-1       071227A    0.383       1.8   
-1       070809A    0.2187      1.28  
-1       070724A    0.457       0.43  
-1       070714B    0.923       3.    
-1       070429B    0.904       0.49  
-1       061217A    0.827       0.24  
-1       061210A    0.41        0.13  
-1       061201A    0.111       0.78  
-1       061006A    0.4377      0.5   
-1       060801A    1.131       0.50  
-1       060502B    0.287       0.14  
-1       051221A    0.5465      1.40  
-1       050724A    0.258       2.76  
-1       050709A    0.16        0.22  
-1       050509B    0.226       0.02  
